Training Run at 2024-12-12 00:08:45

Train Loss: 3.0354 1.1646 1.1091 0.9672 0.8782 0.8248 0.7787 0.7214 0.6770 0.6183 0.6028 0.5843 0.5807 0.5934 0.6172 0.5937 0.5045 0.4663 0.4611 0.4666 0.4812 0.5092 0.4950 0.4600 0.4319 0.4158 0.3912 0.3943 0.3872 0.3863 0.4014 0.4012 0.4139 0.4067 0.3992 0.3655 0.3552 0.3552 0.3621 0.3333 0.3267 0.3323 0.3324 0.3253 0.3196 0.3174 0.3117 0.3044 0.2998 0.2927 0.2797 0.2815 0.2781 0.2847 0.2829 0.2803 0.2806 0.2793 0.2632 0.2706 0.2609 0.2637 0.2484 0.2489 0.2429 0.2384 0.2358 0.2353 0.2339 0.2315 0.2293 0.2239 0.2241 0.2236 0.2207 0.2214 0.2179 0.2179 0.2161 0.2127 0.2107 0.2091 0.2085 0.2071 0.2074 0.2057 0.2052 0.2042 0.2038 
Validation Loss: 1.2305 1.0491 0.9678 0.8452 0.8113 0.7835 0.7247 0.6858 0.6466 0.6116 0.6331 0.6028 0.6144 0.5711 0.5622 0.5830 0.5124 0.4910 0.4970 0.4997 0.5106 0.4607 0.4776 0.4771 0.4718 0.4450 0.4298 0.4445 0.4367 0.4255 0.4448 0.4265 0.4267 0.4290 0.4399 0.4202 0.4134 0.4333 0.4151 0.3919 0.3938 0.4159 0.3933 0.3844 0.3984 0.4050 0.3982 0.3918 0.3950 0.3757 0.3734 0.3736 0.3826 0.3736 0.3713 0.3873 0.3979 0.3694 0.3743 0.3697 0.3767 0.3568 0.3617 0.3587 0.3561 0.3535 0.3580 0.3532 0.3554 0.3519 0.3477 0.3517 0.3517 0.3467 0.3537 0.3476 0.3544 0.3478 0.3514 0.3445 0.3476 0.3458 0.3473 0.3471 0.3467 0.3455 0.3465 0.3454 0.3456 
Training Run at 2024-12-12 02:05:21

Train Loss: 5.7976 3.7600 3.4074 3.1961 2.9015 2.4829 2.0042 1.7307 1.4174 1.2104 1.0158 0.9695 0.9254 0.9561 0.8195 0.7870 0.7965 0.7405 0.6942 0.6797 0.6829 0.6274 0.6091 0.6054 0.5712 0.5679 0.6102 0.5634 0.5489 0.5299 0.4912 0.4821 0.4671 0.4670 0.4582 0.4379 0.4213 0.4138 0.4058 0.3980 0.3954 0.3988 0.4034 0.3920 0.3809 0.3800 0.3876 0.3870 0.3566 0.3520 0.3490 0.3459 0.3432 0.3358 0.3274 0.3230 0.3193 0.3149 0.3103 0.3056 0.3015 0.2979 0.2947 0.2919 0.2894 0.2868 0.2841 0.2811 0.2782 0.2760 0.2744 0.2726 0.2703 0.2686 0.2677 0.2669 0.2669 0.2672 0.2685 0.2698 0.2672 0.2629 0.2584 0.2599 0.2590 0.2585 0.2571 0.2568 0.2568 0.2564 0.2557 0.2568 0.2584 0.2570 0.2531 0.2509 0.2509 0.2506 0.2503 0.2502 
Validation Loss: 4.4148 3.5760 3.3525 3.2167 2.7385 2.1058 2.1800 1.3793 1.2819 0.9736 0.9156 0.8490 0.9390 0.7536 0.7171 0.8346 0.6885 0.7315 0.6275 0.6494 0.6241 0.5684 0.5664 0.5917 0.5289 0.5695 0.5697 0.5324 0.5510 0.4783 0.4873 0.4527 0.4589 0.4519 0.4394 0.4243 0.4196 0.4084 0.3979 0.3996 0.4134 0.4262 0.4188 0.3930 0.3942 0.3805 0.3870 0.3531 0.3520 0.3583 0.3488 0.3361 0.3294 0.3263 0.3280 0.3255 0.3208 0.3171 0.3147 0.3134 0.3124 0.3120 0.3116 0.3106 0.3080 0.3044 0.3014 0.3000 0.3005 0.3006 0.2990 0.2975 0.2978 0.2983 0.2989 0.2995 0.2992 0.2963 0.2930 0.2883 0.2899 0.2890 0.2899 0.2905 0.2906 0.2867 0.2817 0.2812 0.2846 0.2861 0.2898 0.2897 0.2816 0.2797 0.2799 0.2788 0.2788 0.2788 0.2787 0.2787 
Training Run at 2024-12-12 07:57:33

Train Loss: 4.4481 2.4403 1.2960 1.0040 0.8898 0.8029 0.7421 0.6752 0.6287 0.6072 0.5471 0.4864 0.4561 0.4374 0.4076 0.4043 0.3650 0.3414 0.3170 0.3031 0.3006 0.3003 0.2701 0.2567 0.2415 0.2296 0.2215 0.2135 0.2071 0.2127 0.2035 0.2002 0.1974 0.1936 0.1904 0.1907 0.1885 0.2000 0.1825 0.1802 0.1760 0.1718 0.1679 0.1647 0.1648 0.1612 0.1623 0.1624 0.1593 0.1582 0.1522 0.1517 0.1504 0.1492 0.1456 0.1451 0.1432 0.1424 0.1405 0.1399 0.1389 0.1371 0.1362 0.1353 0.1347 0.1321 0.1305 0.1295 0.1285 0.1276 0.1267 0.1258 0.1256 0.1259 0.1247 0.1231 0.1223 0.1217 0.1212 
Validation Loss: 3.2106 1.4863 1.0454 0.8791 0.7140 0.6522 0.6447 0.5744 0.5947 0.5646 0.4427 0.4155 0.3866 0.3616 0.3285 0.3240 0.3051 0.2876 0.2681 0.2538 0.2444 0.2545 0.2187 0.2061 0.2029 0.1941 0.2162 0.1829 0.1775 0.1862 0.1944 0.1883 0.1987 0.1689 0.1782 0.1806 0.1822 0.1906 0.1821 0.1691 0.1668 0.1633 0.1609 0.1591 0.1604 0.1544 0.1565 0.1542 0.1528 0.1513 0.1500 0.1491 0.1510 0.1526 0.1514 0.1510 0.1504 0.1499 0.1509 0.1532 0.1508 0.1473 0.1441 0.1430 0.1446 0.1440 0.1415 0.1403 0.1389 0.1375 0.1375 0.1398 0.1446 0.1443 0.1405 0.1401 0.1401 0.1397 0.1391 
Training Run at 2024-12-12 14:37:17

Train Loss: 13062.1523 38.2534 4.8476 4.7338 4.0649 
Validation Loss: 15.1909 5.1148 4.8073 4.9409 4.9810 
Training Run at 2024-12-12 15:04:57

Train Loss: 143128.6406 12.9094 61.0938 75.0152 43.9247 35.7061 75.1396 35.2750 16.7547 18.9805 17.9358 17.9498 14.4695 11.8972 9.7513 5.2734 5.2214 4.9327 4.2361 4.0343 3.8974 3.7830 3.8780 3.6142 3.4641 3.3338 3.3945 3.2708 3.2841 3.2096 3.2376 3.1571 3.3108 3.1854 3.1400 3.1489 3.1334 3.1097 3.0774 3.0593 3.0388 3.0239 3.0040 2.9913 2.9771 2.9580 2.9457 
Validation Loss: 9.2977 6.5929 10.5156 19.7969 18.3288 8.5703 15.4001 6.1320 11.9125 10.3880 10.8414 6.5991 8.4918 5.4623 5.2966 5.7773 5.6341 4.9471 4.7104 4.5043 4.3273 4.1587 4.2525 3.9143 3.8664 3.8289 3.9053 3.7698 3.7565 3.7458 3.7856 3.9528 3.7517 3.6542 3.7239 3.7036 3.6383 3.6325 3.6884 3.6936 3.6357 3.6346 3.6659 3.6796 3.6531 3.6512 3.6624 
Training Run at 2024-12-12 15:29:25

Train Loss: 58.4176 6.4757 4.6063 4.2815 4.4745 4.2952 3.9046 3.3221 3.1843 3.2112 3.0548 3.2699 3.1563 3.0016 2.9696 3.0356 2.9798 2.8995 2.8875 2.8875 2.8194 2.8700 2.8329 2.7993 2.7610 2.7355 2.7186 2.6934 2.6799 2.6848 2.6685 2.6342 2.6184 2.6217 2.6060 2.6503 2.6087 2.5564 2.5204 2.6438 2.6598 2.5241 2.4990 2.4800 2.4377 2.5029 2.5624 2.4881 2.3833 2.3832 2.3800 2.2136 2.2095 2.3240 2.3605 2.6143 2.4191 2.4312 2.2729 2.3143 2.1511 2.2031 2.0079 1.9341 2.0043 1.9419 1.8086 1.8217 1.8345 1.9913 1.9574 1.9376 1.8776 1.7353 1.7648 1.6591 1.6403 1.6081 1.5906 1.5937 1.5573 1.5521 1.5422 1.5355 1.5278 1.5204 1.5154 1.5101 1.5049 1.5026 1.4955 1.4940 1.4910 1.4880 1.4868 1.4852 1.4833 1.4824 1.4815 1.4806 
Validation Loss: 7.7962 5.7775 5.2459 4.3325 5.4890 4.5023 3.6717 3.6329 3.5071 3.7427 3.4036 3.6663 3.4140 3.4144 3.3817 3.5251 3.2909 3.3175 3.2803 3.3183 3.3993 3.2522 3.2236 3.2772 3.2165 3.2246 3.2015 3.1521 3.2014 3.1358 3.1111 3.0501 3.0706 3.0302 3.1302 2.9668 2.9829 2.9268 3.1193 3.0798 2.8839 2.8370 2.8772 2.9188 2.9809 3.0934 2.8543 2.7218 2.6715 2.8226 2.4810 2.5650 2.4781 2.5360 3.2717 2.6435 2.8596 2.6237 2.7573 2.3568 2.6600 2.1678 2.0962 2.4625 2.2141 1.9022 1.8991 1.9237 2.4646 2.1022 1.9551 2.1334 1.8361 2.1087 1.7404 1.8372 1.7865 1.6874 1.8185 1.6570 1.6572 1.6670 1.6093 1.6867 1.6155 1.6733 1.6083 1.6407 1.6133 1.6077 1.6279 1.5964 1.6060 1.6126 1.5968 1.5939 1.6003 1.5998 1.5936 1.5903 
Training Run at 2024-12-12 15:41:26

Train Loss: 5.5260 4.6848 3.8462 3.5818 3.4541 3.4074 3.1770 3.2126 3.1060 3.0770 3.0058 2.9670 2.9195 2.8513 2.8159 2.7340 2.6952 2.6061 2.4902 2.4174 2.9606 2.6901 2.5468 2.2858 2.3052 2.1042 2.1051 1.8817 1.8271 1.9399 1.7395 1.6590 1.6452 1.5357 1.4722 1.4165 1.3317 1.2771 1.2533 1.2083 1.1385 1.0752 1.0562 1.0148 0.9866 0.9462 0.9404 0.9059 0.8892 0.8701 0.8482 0.8327 0.8190 0.8062 0.7920 0.7736 0.7626 0.7627 0.7633 0.7408 0.7282 0.7137 0.7221 0.7087 0.6956 0.6858 0.6828 0.6679 0.6572 0.6531 0.6443 0.6398 0.6332 0.6273 0.6228 0.6176 
Validation Loss: 5.7424 4.7085 5.3085 3.8802 4.3668 3.9696 3.6145 3.6848 3.7355 3.5581 3.5472 3.4182 3.4093 3.2946 3.2735 3.1112 2.9560 2.7797 2.6069 3.0816 2.8933 2.3064 2.3896 2.4244 2.2058 2.4259 1.7462 1.7096 2.2627 1.4588 1.4190 1.6261 1.3632 1.4259 1.3534 1.2615 1.2342 1.3178 1.0898 1.0470 0.9830 1.1022 0.9206 0.9197 0.9303 0.9016 0.8954 0.8727 0.8721 0.8615 0.8536 0.8715 0.8526 0.8356 0.8389 0.8435 0.8511 0.8337 0.8093 0.7982 0.8110 0.8507 0.7951 0.7889 0.8191 0.8175 0.7824 0.7977 0.8057 0.7890 0.8089 0.7970 0.7949 0.8045 0.7947 0.8051 
Training Run at 2024-12-12 17:59:13

Train Loss: 3.8722 2.7634 1.6417 1.2049 0.9976 0.8665 0.7869 0.7696 0.7499 0.7160 0.6897 0.6572 0.6465 0.5901 0.5636 0.5470 0.5405 0.5399 0.5277 0.5059 0.4948 0.4862 0.4751 0.4661 0.4548 0.4400 0.4312 0.4172 0.4013 0.3906 0.3752 0.3655 0.3589 0.3484 0.3259 0.3123 0.3021 0.2934 0.2849 0.2793 0.2789 0.2714 0.2597 0.2543 0.2486 0.2449 0.2422 0.2399 0.2353 0.2317 0.2253 0.2231 0.2222 0.2192 0.2150 0.2144 0.2095 0.2030 0.1982 0.1948 0.1910 0.1877 0.1850 0.1828 0.1807 0.1788 0.1769 0.1753 0.1738 0.1725 0.1714 0.1702 0.1694 0.1688 0.1689 0.1669 0.1658 0.1646 0.1633 0.1617 0.1603 0.1589 0.1578 0.1570 0.1563 0.1559 0.1557 0.1559 0.1561 0.1560 0.1554 0.1543 0.1530 0.1519 0.1511 0.1505 0.1500 0.1497 0.1494 0.1493 
Validation Loss: 3.1227 1.6078 1.2585 0.9465 0.8305 0.7190 0.6796 0.6807 0.6775 0.6803 0.6931 0.6451 0.6164 0.5592 0.5308 0.5156 0.4970 0.4789 0.4514 0.4450 0.4376 0.4285 0.4195 0.4152 0.4061 0.4026 0.3894 0.3790 0.3747 0.3664 0.3559 0.3533 0.3532 0.3270 0.3222 0.3120 0.3072 0.3033 0.3008 0.3008 0.2994 0.2995 0.2987 0.2966 0.2959 0.2935 0.2940 0.2973 0.2988 0.2946 0.2889 0.2910 0.2968 0.3026 0.2921 0.2918 0.2818 0.2803 0.2750 0.2710 0.2673 0.2634 0.2605 0.2585 0.2572 0.2559 0.2547 0.2532 0.2517 0.2501 0.2493 0.2479 0.2481 0.2455 0.2464 0.2435 0.2441 0.2446 0.2468 0.2463 0.2437 0.2408 0.2396 0.2398 0.2402 0.2408 0.2414 0.2418 0.2407 0.2375 0.2333 0.2302 0.2286 0.2278 0.2275 0.2273 0.2271 0.2271 0.2271 0.2271 
Training Run at 2024-12-12 22:42:14

Train Loss: 4.0033 2.3750 1.4114 1.0983 0.9870 0.8530 0.7542 0.7159 0.6936 0.6626 
Validation Loss: 3.2157 1.6253 1.1784 0.9317 0.9159 0.7528 0.7151 0.6964 0.6515 0.6362 

Training Run at 2024-12-12 20:35:05
 Average MSE Loss: 0.24108052253723145 Average Mean Absolute 0.3286549746990204
Train Loss: 2.0584 0.8153 0.6139 0.4957 0.4258 0.3746 0.3343 0.3060 0.2880 0.2751 
Validation Loss: 1.0125 0.5863 0.5010 0.4877 0.3649 0.3008 0.2970 0.2797 0.2507 0.2411 

Training Run at 2024-12-12 23:04:12
 Average MSE Loss: 0.1375603973865509 Average Mean Absolute 0.24921450018882751
Train Loss: 2.5279 0.8646 0.6941 0.5567 0.4907 0.4379 0.3603 0.3039 0.2873 0.2452 0.2308 0.2250 0.2149 0.2245 0.1980 0.1988 0.1957 0.1816 0.1731 0.1823 0.2425 0.1656 0.1662 0.1547 0.1500 0.1510 0.1846 0.1497 0.1416 0.1370 0.1369 0.1337 0.1331 0.1888 0.1306 0.1231 0.1280 0.1172 0.1129 0.1122 0.1079 0.1043 0.1028 0.1017 0.1005 0.1226 0.1175 0.0981 0.0963 
Validation Loss: 0.9088 0.7742 0.5543 0.4607 0.3899 0.3244 0.2890 0.2780 0.2132 0.2006 0.1967 0.1964 0.1807 0.1913 0.1722 0.1884 0.1702 0.1687 0.1624 0.1662 0.1691 0.1679 0.1603 0.1579 0.1653 0.1676 0.1587 0.1515 0.1557 0.1555 0.1488 0.1524 0.1563 0.1518 0.1488 0.1505 0.1456 0.1434 0.1449 0.1376 0.1430 0.1400 0.1460 0.1390 0.1430 0.1442 0.1470 0.1552 0.1486 
